{
 "cells": [
  {
   "cell_type": "code",
   "execution_count": 3,
   "metadata": {},
   "outputs": [],
   "source": [
    "#Distance between two points\n",
    "from math import radians,cos,sin,asin,sqrt\n",
    "\n",
    "def distance(lat1,lon1,lat2,lon2):\n",
    "    lon1=radians(lon1)\n",
    "    lon2=radians(lon2)\n",
    "    lat1=radians(lat1)\n",
    "    lat2=radians(lat2)\n",
    "    dlon=lon2-lon1\n",
    "    dlat=lat2-lat1\n",
    "    a=sin(dlat/2)**2+cos(lat1)*cos(lat2)*sin(dlon/2)**2\n",
    "    c=2*asin(sqrt(a))\n",
    "    r=6371\n",
    "    return (c*r)"
   ]
  },
  {
   "cell_type": "code",
   "execution_count": 7,
   "metadata": {},
   "outputs": [
    {
     "name": "stdout",
     "output_type": "stream",
     "text": [
      "Enter Number of Sources2\n",
      "Enter the lattitude of the source 1 12.5\n",
      "Enter the longitude of the source 1 11.4\n",
      "Enter the lattitude of the source 2 15.8\n",
      "Enter the longitude of the source 2 14.6\n",
      "Enter the lattitude of the destination 1 12.8\n",
      "Enter the longitude of the destination 1 14.7\n",
      "Enter the lattitude of the destination 2 15.7\n",
      "Enter the longitude of the destination 2 17.8\n",
      "[[0, 503.6372234702598, 359.5839122363042, 776.4145394321607], [503.6372234702598, 0, 333.7587055629897, 342.6415856903704], [359.5839122363042, 333.7587055629897, 0, 464.30083378761174], [776.4145394321607, 342.6415856903704, 464.30083378761174, 0]]\n",
      "[[0, 503.6372234702598, 359.5839122363042, 776.4145394321607], [503.6372234702598, 0, 333.7587055629897, 342.6415856903704], [359.5839122363042, 333.7587055629897, 0, 464.30083378761174], [776.4145394321607, 342.6415856903704, 464.30083378761174, 0]]\n",
      "[0, 2, 1, 3]\n"
     ]
    }
   ],
   "source": [
    "n=int(input(\"Enter Number of Sources\"))\n",
    "lattlong=[]#Adjacency Matrix for n no of sources and n no of destination\n",
    "\n",
    "#Entering the values of Longitutde and Lattitude.\n",
    "for i in range(2*n):\n",
    "    r=[]\n",
    "    if(i<n):\n",
    "        strn=str(i+1)+\" \" \n",
    "        strn1=\"Enter the lattitude of the source \"+strn\n",
    "        r.append(float(input(strn1)));\n",
    "        strn2=\"Enter the longitude of the source \"+strn\n",
    "        r.append(float(input(strn2)));\n",
    "        lattlong.append(r)\n",
    "    else:\n",
    "        strna=str(i-n+1)+\" \"\n",
    "        strn1=\"Enter the lattitude of the destination \"+strna\n",
    "        r.append(float(input(strn1)));\n",
    "        strn2=\"Enter the longitude of the destination \"+strna\n",
    "        r.append(float(input(strn2)));\n",
    "        lattlong.append(r)\n",
    "\n",
    "dZero=[]#This is used as input for Floyd-Warshall Algorithm\n",
    "\n",
    "#Inserting values into the dZero list\n",
    "for i in range(2*n):\n",
    "    r=[]\n",
    "    for j in range(2*n):\n",
    "        if(i==j):\n",
    "            r.append(0);\n",
    "        else:\n",
    "            r.append(distance(lattlong[i][0],lattlong[i][1],lattlong[j][0],lattlong[j][1]))\n",
    "    dZero.append(r)\n",
    "print(dZero)\n",
    "\n",
    "#Floyd-Warshall Function.\n",
    "def floydWarshall(graph):\n",
    "    dist=graph\n",
    "    for k in range(2*n):\n",
    "        for i in range(2*n):\n",
    "            for j in range(2*n):\n",
    "                dist[i][j]=min( dist[i][j] , dist[i][k] + dist[k][j] )\n",
    "    print(dist)\n",
    "    return dist\n",
    "\n",
    "#Function to get the length of the List \n",
    "def len(lis):\n",
    "    count=0\n",
    "    for i in lis:\n",
    "        count+=1\n",
    "    return count\n",
    "\n",
    "dist=floydWarshall(dZero)\n",
    "\n",
    "frontier=[]\n",
    "path=[]\n",
    "frontier.append(0)\n",
    "path.append(0)\n",
    "currPos=0;\n",
    "\n",
    "def findmin(i):\n",
    "    min=[]\n",
    "    for j in range(2*n):\n",
    "        if(i==j or j in path):\n",
    "            continue\n",
    "        else:\n",
    "            if(min.__len__()==0):\n",
    "                min.append(dist[i][j])\n",
    "                min.append(i)\n",
    "                min.append(j)\n",
    "            if(0<=j and j<n):\n",
    "                if(min[0]>dist[i][j]):\n",
    "                    min[0]=dist[i][j]\n",
    "                    min[1]=i\n",
    "                    min[2]=j\n",
    "            else:\n",
    "                if((j-n) in frontier):\n",
    "                    if(min[0]>dist[i][j]):\n",
    "                        min[0]=dist[i][j]\n",
    "                        min[1]=i\n",
    "                        min[2]=j\n",
    "    return min\n",
    "                \n",
    "\n",
    "\n",
    "while(len(path)<2*n):\n",
    "    arr=findmin(currPos)\n",
    "    if(n<=arr[2] and arr[2]<2*n):\n",
    "        frontier.remove(arr[2]-n)\n",
    "    else:\n",
    "        frontier.append(arr[2])\n",
    "    currPos=arr[2]\n",
    "    path.append(arr[2])\n",
    "\n",
    "print(path)"
   ]
  },
  {
   "cell_type": "code",
   "execution_count": 25,
   "metadata": {},
   "outputs": [],
   "source": []
  },
  {
   "cell_type": "code",
   "execution_count": null,
   "metadata": {},
   "outputs": [],
   "source": []
  }
 ],
 "metadata": {
  "kernelspec": {
   "display_name": "Python 3",
   "language": "python",
   "name": "python3"
  },
  "language_info": {
   "codemirror_mode": {
    "name": "ipython",
    "version": 3
   },
   "file_extension": ".py",
   "mimetype": "text/x-python",
   "name": "python",
   "nbconvert_exporter": "python",
   "pygments_lexer": "ipython3",
   "version": "3.7.6"
  }
 },
 "nbformat": 4,
 "nbformat_minor": 4
}
